
                           Sudople                             
<<<<<<<<<<<<<<<<<<<<<<<<<<<<<<<>>>>>>>>>>>>>>>>>>>>>>>>>>>>>>>>
1.Sudo matrix should be 9x9 matrix
2.Sudo matrix splited by ','
3.Use 0 replace empty cell
4.End with '***'
5.Enjoy it!!

Sudoku matrix:
row: 9
col: 9
Original Sudo Matrix
----------------------------------------
[0, 0, 0, 3, 6, 0, 9, 2, 7]
[0, 0, 9, 5, 0, 0, 0, 3, 8]
[0, 0, 0, 0, 9, 8, 0, 0, 5]
[0, 0, 0, 0, 0, 0, 0, 9, 6]
[5, 0, 4, 0, 2, 0, 7, 0, 3]
[9, 3, 0, 0, 0, 0, 0, 0, 0]
[8, 0, 0, 7, 3, 0, 0, 0, 0]
[7, 9, 0, 0, 0, 5, 8, 0, 0]
[4, 1, 5, 0, 8, 0, 0, 0, 0]
----------------------------------------
[1] [4, 5, 8] [1, 8] :: :: [1, 4] :: :: ::
[1, 2, 6] [2, 4, 6, 7] :: :: [1, 4, 7] [1, 2, 4, 7] [1, 4, 6] :: ::
[1, 2, 3, 6] [2, 4, 6, 7] [1, 2, 3, 6, 7] [1, 2, 4] :: :: [1, 4, 6] [1, 4, 6] ::
[1, 2] [2, 7, 8] [1, 2, 7, 8] [1, 4, 8] [1, 4, 5, 7] [1, 3, 4, 7] [1, 2, 4, 5] :: ::
:: [6, 8] :: [1, 6, 8, 9] :: [1, 6, 9] :: [1, 8] ::
:: :: [1, 2, 6, 7, 8] [1, 4, 6, 8] [1, 4, 5, 7] [1, 4, 6, 7] [1, 2, 4, 5] [1, 4, 5, 8] [1, 2, 4]
:: [2, 6] [2, 6] :: :: [1, 2, 4, 6, 9] [1, 2, 4, 5, 6] [1, 4, 5, 6] [1, 2, 4, 9]
:: :: [2, 3, 6] [1, 2, 4, 6] [1, 4] :: :: [1, 4, 6] [1, 2, 4]
:: :: :: [2, 6, 9] :: [2, 6, 9] [2, 3, 6] [6, 7] [2, 9]
len=1 (0, 0)
[1]
...............clean_rub
:: [4, 5, 8] [8] :: :: [4] :: :: ::
[2, 6] [2, 4, 6, 7] :: :: [1, 4, 7] [1, 2, 4, 7] [1, 4, 6] :: ::
[2, 3, 6] [2, 4, 6, 7] [2, 3, 6, 7] [1, 2, 4] :: :: [1, 4, 6] [1, 4, 6] ::
[2] [2, 7, 8] [1, 2, 7, 8] [1, 4, 8] [1, 4, 5, 7] [1, 3, 4, 7] [1, 2, 4, 5] :: ::
:: [6, 8] :: [1, 6, 8, 9] :: [1, 6, 9] :: [1, 8] ::
:: :: [1, 2, 6, 7, 8] [1, 4, 6, 8] [1, 4, 5, 7] [1, 4, 6, 7] [1, 2, 4, 5] [1, 4, 5, 8] [1, 2, 4]
:: [2, 6] [2, 6] :: :: [1, 2, 4, 6, 9] [1, 2, 4, 5, 6] [1, 4, 5, 6] [1, 2, 4, 9]
:: :: [2, 3, 6] [1, 2, 4, 6] [1, 4] :: :: [1, 4, 6] [1, 2, 4]
:: :: :: [2, 6, 9] :: [2, 6, 9] [2, 3, 6] [6, 7] [2, 9]
[1, 0, 0, 3, 6, 0, 9, 2, 7]
[0, 0, 9, 5, 0, 0, 0, 3, 8]
[0, 0, 0, 0, 9, 8, 0, 0, 5]
[0, 0, 0, 0, 0, 0, 0, 9, 6]
[5, 0, 4, 0, 2, 0, 7, 0, 3]
[9, 3, 0, 0, 0, 0, 0, 0, 0]
[8, 0, 0, 7, 3, 0, 0, 0, 0]
[7, 9, 0, 0, 0, 5, 8, 0, 0]
[4, 1, 5, 0, 8, 0, 0, 0, 0]
len=2 (1, 0)
[2, 6]
len>3 (1, 1)
[2, 4, 6, 7]
[2, 6] 2 (1, 0)
[2, 6] 6 (1, 0)
slim_triangle::checking row [2, 6]
slim_triangle::checking col
ind_c in slim_triangle [2, 6]
k in ind_c in slim_:::: 2
k in ind_c in slim_:::: 6
is big triangle
[1, 0, 0, 3, 6, 0, 9, 2, 7]
[0, 0, 9, 5, 0, 0, 0, 3, 8]
[0, 0, 0, 0, 9, 8, 0, 0, 5]
[0, 0, 0, 0, 0, 0, 0, 9, 6]
[5, 0, 4, 0, 2, 0, 7, 0, 3]
[9, 3, 0, 0, 0, 0, 0, 0, 0]
[8, 0, 0, 7, 3, 0, 0, 0, 0]
[7, 9, 0, 0, 0, 5, 8, 0, 0]
[4, 1, 5, 0, 8, 0, 0, 0, 0]
len=3 (1, 4)
[1, 4, 7]
len>3 (1, 5)
[1, 2, 4, 7]
[2, 6] 2 (1, 0)
slim_triangle::checking row [2]
[4, 7] 4 (1, 1)
[4, 7] 7 (1, 1)
slim_triangle::checking row [4, 7]
slim_triangle::checking col
len=3 (1, 6)
[1, 4, 6]
col uniq val
uniq_val = 3 (2, 0)
...............clean_rub
:: [4, 5, 8] [8] :: :: [4] :: :: ::
[2, 6] [4, 7] :: :: [1, 4, 7] [1, 2, 4, 7] [1, 4, 6] :: ::
:: [2, 4, 6, 7] [2, 6, 7] [1, 2, 4] :: :: [1, 4, 6] [1, 4, 6] ::
[2] [2, 7, 8] [1, 2, 7, 8] [1, 4, 8] [1, 4, 5, 7] [1, 3, 4, 7] [1, 2, 4, 5] :: ::
:: [6, 8] :: [1, 6, 8, 9] :: [1, 6, 9] :: [1, 8] ::
:: :: [1, 2, 6, 7, 8] [1, 4, 6, 8] [1, 4, 5, 7] [1, 4, 6, 7] [1, 2, 4, 5] [1, 4, 5, 8] [1, 2, 4]
:: [2, 6] [2, 6] :: :: [1, 2, 4, 6, 9] [1, 2, 4, 5, 6] [1, 4, 5, 6] [1, 2, 4, 9]
:: :: [2, 3, 6] [1, 2, 4, 6] [1, 4] :: :: [1, 4, 6] [1, 2, 4]
:: :: :: [2, 6, 9] :: [2, 6, 9] [2, 3, 6] [6, 7] [2, 9]
[1, 0, 0, 3, 6, 0, 9, 2, 7]
[0, 0, 9, 5, 0, 0, 0, 3, 8]
[3, 0, 0, 0, 9, 8, 0, 0, 5]
[0, 0, 0, 0, 0, 0, 0, 9, 6]
[5, 0, 4, 0, 2, 0, 7, 0, 3]
[9, 3, 0, 0, 0, 0, 0, 0, 0]
[8, 0, 0, 7, 3, 0, 0, 0, 0]
[7, 9, 0, 0, 0, 5, 8, 0, 0]
[4, 1, 5, 0, 8, 0, 0, 0, 0]
len=1 (3, 0)
[2]
...............clean_rub
:: [4, 5, 8] [8] :: :: [4] :: :: ::
[6] [4, 7] :: :: [1, 4, 7] [1, 2, 4, 7] [1, 4, 6] :: ::
:: [2, 4, 6, 7] [2, 6, 7] [1, 2, 4] :: :: [1, 4, 6] [1, 4, 6] ::
:: [7, 8] [1, 7, 8] [1, 4, 8] [1, 4, 5, 7] [1, 3, 4, 7] [1, 4, 5] :: ::
:: [6, 8] :: [1, 6, 8, 9] :: [1, 6, 9] :: [1, 8] ::
:: :: [1, 6, 7, 8] [1, 4, 6, 8] [1, 4, 5, 7] [1, 4, 6, 7] [1, 2, 4, 5] [1, 4, 5, 8] [1, 2, 4]
:: [2, 6] [2, 6] :: :: [1, 2, 4, 6, 9] [1, 2, 4, 5, 6] [1, 4, 5, 6] [1, 2, 4, 9]
:: :: [2, 3, 6] [1, 2, 4, 6] [1, 4] :: :: [1, 4, 6] [1, 2, 4]
:: :: :: [2, 6, 9] :: [2, 6, 9] [2, 3, 6] [6, 7] [2, 9]
[1, 0, 0, 3, 6, 0, 9, 2, 7]
[0, 0, 9, 5, 0, 0, 0, 3, 8]
[3, 0, 0, 0, 9, 8, 0, 0, 5]
[2, 0, 0, 0, 0, 0, 0, 9, 6]
[5, 0, 4, 0, 2, 0, 7, 0, 3]
[9, 3, 0, 0, 0, 0, 0, 0, 0]
[8, 0, 0, 7, 3, 0, 0, 0, 0]
[7, 9, 0, 0, 0, 5, 8, 0, 0]
[4, 1, 5, 0, 8, 0, 0, 0, 0]
len=2 (4, 1)
[6, 8]
len>3 (4, 3)
[1, 6, 8, 9]
[6, 8] 6 (4, 1)
[6, 8] 8 (4, 1)
slim_triangle::checking row [6, 8]
slim_triangle::checking col
[1, 8] 1 (4, 7)
[1, 8] 8 (4, 7)
slim_triangle::checking row [1, 8]
slim_triangle::checking col
len=3 (4, 5)
[1, 6, 9]
len=2 (4, 7)
[1, 8]
len>3 (5, 2)
[1, 6, 7, 8]
len>3 (5, 3)
[1, 4, 6, 8]
len>3 (5, 4)
[1, 4, 5, 7]
len>3 (5, 5)
[1, 4, 6, 7]
len>3 (5, 6)
[1, 2, 4, 5]
len>3 (5, 7)
[1, 4, 5, 8]
len=3 (5, 8)
[1, 2, 4]
len=2 (6, 1)
[2, 6]
:: [4, 5, 8] [8] :: :: [4] :: :: ::
[6] [4, 7] :: :: [1, 4, 7] [1, 2, 4, 7] [1, 4, 6] :: ::
:: [2, 4, 6, 7] [2, 6, 7] [1, 2, 4] :: :: [1, 4, 6] [1, 4, 6] ::
:: [7, 8] [1, 7, 8] [1, 4, 8] [1, 4, 5, 7] [1, 3, 4, 7] [1, 4, 5] :: ::
:: [6, 8] :: [1, 6, 8, 9] :: [1, 6, 9] :: [1, 8] ::
:: :: [1, 6, 7, 8] [1, 4, 6, 8] [1, 4, 5, 7] [1, 4, 6, 7] [1, 2, 4, 5] [1, 4, 5, 8] [1, 2, 4]
:: [2, 6] [2, 6] :: :: [1, 4, 9] [1, 4, 5] [1, 4, 5] [1, 4, 9]
:: :: [2, 3, 6] [1, 2, 4, 6] [1, 4] :: :: [1, 4, 6] [1, 2, 4]
:: :: :: [2, 6, 9] :: [2, 6, 9] [2, 3, 6] [6, 7] [2, 9]
[1, 0, 0, 3, 6, 0, 9, 2, 7]
[0, 0, 9, 5, 0, 0, 0, 3, 8]
[3, 0, 0, 0, 9, 8, 0, 0, 5]
[2, 0, 0, 0, 0, 0, 0, 9, 6]
[5, 0, 4, 0, 2, 0, 7, 0, 3]
[9, 3, 0, 0, 0, 0, 0, 0, 0]
[8, 0, 0, 7, 3, 0, 0, 0, 0]
[7, 9, 0, 0, 0, 5, 8, 0, 0]
[4, 1, 5, 0, 8, 0, 0, 0, 0]
len=2 (6, 2)
[2, 6]
:: [4, 5, 8] [8] :: :: [4] :: :: ::
[6] [4, 7] :: :: [1, 4, 7] [1, 2, 4, 7] [1, 4, 6] :: ::
:: [2, 4, 6, 7] [2, 6, 7] [1, 2, 4] :: :: [1, 4, 6] [1, 4, 6] ::
:: [7, 8] [1, 7, 8] [1, 4, 8] [1, 4, 5, 7] [1, 3, 4, 7] [1, 4, 5] :: ::
:: [6, 8] :: [1, 6, 8, 9] :: [1, 6, 9] :: [1, 8] ::
:: :: [1, 6, 7, 8] [1, 4, 6, 8] [1, 4, 5, 7] [1, 4, 6, 7] [1, 2, 4, 5] [1, 4, 5, 8] [1, 2, 4]
:: [2, 6] [2, 6] :: :: [1, 4, 9] [1, 4, 5] [1, 4, 5] [1, 4, 9]
:: :: [2, 3, 6] [1, 2, 4, 6] [1, 4] :: :: [1, 4, 6] [1, 2, 4]
:: :: :: [2, 6, 9] :: [2, 6, 9] [2, 3, 6] [6, 7] [2, 9]
[1, 0, 0, 3, 6, 0, 9, 2, 7]
[0, 0, 9, 5, 0, 0, 0, 3, 8]
[3, 0, 0, 0, 9, 8, 0, 0, 5]
[2, 0, 0, 0, 0, 0, 0, 9, 6]
[5, 0, 4, 0, 2, 0, 7, 0, 3]
[9, 3, 0, 0, 0, 0, 0, 0, 0]
[8, 0, 0, 7, 3, 0, 0, 0, 0]
[7, 9, 0, 0, 0, 5, 8, 0, 0]
[4, 1, 5, 0, 8, 0, 0, 0, 0]
len=3 (6, 5)
[1, 4, 9]
len=3 (6, 6)
[1, 4, 5]
len=3 (6, 7)
[1, 4, 5]
len=3 (6, 8)
[1, 4, 9]
row uniq val
uniq_val = 3 (7, 2)
...............clean_rub
:: [4, 5, 8] [8] :: :: [4] :: :: ::
[6] [4, 7] :: :: [1, 4, 7] [1, 2, 4, 7] [1, 4, 6] :: ::
:: [2, 4, 6, 7] [2, 6, 7] [1, 2, 4] :: :: [1, 4, 6] [1, 4, 6] ::
:: [7, 8] [1, 7, 8] [1, 4, 8] [1, 4, 5, 7] [1, 3, 4, 7] [1, 4, 5] :: ::
:: [6, 8] :: [1, 6, 8, 9] :: [1, 6, 9] :: [1, 8] ::
:: :: [1, 6, 7, 8] [1, 4, 6, 8] [1, 4, 5, 7] [1, 4, 6, 7] [1, 2, 4, 5] [1, 4, 5, 8] [1, 2, 4]
:: [2, 6] [2, 6] :: :: [1, 4, 9] [1, 4, 5] [1, 4, 5] [1, 4, 9]
:: :: :: [1, 2, 4, 6] [1, 4] :: :: [1, 4, 6] [1, 2, 4]
:: :: :: [2, 6, 9] :: [2, 6, 9] [2, 3, 6] [6, 7] [2, 9]
[1, 0, 0, 3, 6, 0, 9, 2, 7]
[0, 0, 9, 5, 0, 0, 0, 3, 8]
[3, 0, 0, 0, 9, 8, 0, 0, 5]
[2, 0, 0, 0, 0, 0, 0, 9, 6]
[5, 0, 4, 0, 2, 0, 7, 0, 3]
[9, 3, 0, 0, 0, 0, 0, 0, 0]
[8, 0, 0, 7, 3, 0, 0, 0, 0]
[7, 9, 3, 0, 0, 5, 8, 0, 0]
[4, 1, 5, 0, 8, 0, 0, 0, 0]
len=3 (8, 3)
[2, 6, 9]
len=3 (8, 5)
[2, 6, 9]
row uniq val
uniq_val = 3 (8, 6)
...............clean_rub
:: [4, 5, 8] [8] :: :: [4] :: :: ::
[6] [4, 7] :: :: [1, 4, 7] [1, 2, 4, 7] [1, 4, 6] :: ::
:: [2, 4, 6, 7] [2, 6, 7] [1, 2, 4] :: :: [1, 4, 6] [1, 4, 6] ::
:: [7, 8] [1, 7, 8] [1, 4, 8] [1, 4, 5, 7] [1, 3, 4, 7] [1, 4, 5] :: ::
:: [6, 8] :: [1, 6, 8, 9] :: [1, 6, 9] :: [1, 8] ::
:: :: [1, 6, 7, 8] [1, 4, 6, 8] [1, 4, 5, 7] [1, 4, 6, 7] [1, 2, 4, 5] [1, 4, 5, 8] [1, 2, 4]
:: [2, 6] [2, 6] :: :: [1, 4, 9] [1, 4, 5] [1, 4, 5] [1, 4, 9]
:: :: :: [1, 2, 4, 6] [1, 4] :: :: [1, 4, 6] [1, 2, 4]
:: :: :: [2, 6, 9] :: [2, 6, 9] :: [6, 7] [2, 9]
[1, 0, 0, 3, 6, 0, 9, 2, 7]
[0, 0, 9, 5, 0, 0, 0, 3, 8]
[3, 0, 0, 0, 9, 8, 0, 0, 5]
[2, 0, 0, 0, 0, 0, 0, 9, 6]
[5, 0, 4, 0, 2, 0, 7, 0, 3]
[9, 3, 0, 0, 0, 0, 0, 0, 0]
[8, 0, 0, 7, 3, 0, 0, 0, 0]
[7, 9, 3, 0, 0, 5, 8, 0, 0]
[4, 1, 5, 0, 8, 0, 3, 0, 0]
row uniq val
uniq_val = 5 (0, 1)
...............clean_rub
:: :: [8] :: :: [4] :: :: ::
[6] [4, 7] :: :: [1, 4, 7] [1, 2, 4, 7] [1, 4, 6] :: ::
:: [2, 4, 6, 7] [2, 6, 7] [1, 2, 4] :: :: [1, 4, 6] [1, 4, 6] ::
:: [7, 8] [1, 7, 8] [1, 4, 8] [1, 4, 5, 7] [1, 3, 4, 7] [1, 4, 5] :: ::
:: [6, 8] :: [1, 6, 8, 9] :: [1, 6, 9] :: [1, 8] ::
:: :: [1, 6, 7, 8] [1, 4, 6, 8] [1, 4, 5, 7] [1, 4, 6, 7] [1, 2, 4, 5] [1, 4, 5, 8] [1, 2, 4]
:: [2, 6] [2, 6] :: :: [1, 4, 9] [1, 4, 5] [1, 4, 5] [1, 4, 9]
:: :: :: [1, 2, 4, 6] [1, 4] :: :: [1, 4, 6] [1, 2, 4]
:: :: :: [2, 6, 9] :: [2, 6, 9] :: [6, 7] [2, 9]
[1, 5, 0, 3, 6, 0, 9, 2, 7]
[0, 0, 9, 5, 0, 0, 0, 3, 8]
[3, 0, 0, 0, 9, 8, 0, 0, 5]
[2, 0, 0, 0, 0, 0, 0, 9, 6]
[5, 0, 4, 0, 2, 0, 7, 0, 3]
[9, 3, 0, 0, 0, 0, 0, 0, 0]
[8, 0, 0, 7, 3, 0, 0, 0, 0]
[7, 9, 3, 0, 0, 5, 8, 0, 0]
[4, 1, 5, 0, 8, 0, 3, 0, 0]
col uniq val
uniq_val = 6 (1, 0)
...............clean_rub
:: :: [8] :: :: [4] :: :: ::
:: [4, 7] :: :: [1, 4, 7] [1, 2, 4, 7] [1, 4] :: ::
:: [2, 4, 7] [2, 7] [1, 2, 4] :: :: [1, 4, 6] [1, 4, 6] ::
:: [7, 8] [1, 7, 8] [1, 4, 8] [1, 4, 5, 7] [1, 3, 4, 7] [1, 4, 5] :: ::
:: [6, 8] :: [1, 6, 8, 9] :: [1, 6, 9] :: [1, 8] ::
:: :: [1, 6, 7, 8] [1, 4, 6, 8] [1, 4, 5, 7] [1, 4, 6, 7] [1, 2, 4, 5] [1, 4, 5, 8] [1, 2, 4]
:: [2, 6] [2, 6] :: :: [1, 4, 9] [1, 4, 5] [1, 4, 5] [1, 4, 9]
:: :: :: [1, 2, 4, 6] [1, 4] :: :: [1, 4, 6] [1, 2, 4]
:: :: :: [2, 6, 9] :: [2, 6, 9] :: [6, 7] [2, 9]
[1, 5, 0, 3, 6, 0, 9, 2, 7]
[6, 0, 9, 5, 0, 0, 0, 3, 8]
[3, 0, 0, 0, 9, 8, 0, 0, 5]
[2, 0, 0, 0, 0, 0, 0, 9, 6]
[5, 0, 4, 0, 2, 0, 7, 0, 3]
[9, 3, 0, 0, 0, 0, 0, 0, 0]
[8, 0, 0, 7, 3, 0, 0, 0, 0]
[7, 9, 3, 0, 0, 5, 8, 0, 0]
[4, 1, 5, 0, 8, 0, 3, 0, 0]
len=3 (2, 1)
[2, 4, 7]
len=2 (2, 2)
[2, 7]
len=3 (2, 3)
[1, 2, 4]
col uniq val
uniq_val = 6 (2, 6)
...............clean_rub
:: :: [8] :: :: [4] :: :: ::
:: [4, 7] :: :: [1, 4, 7] [1, 2, 4, 7] [1, 4] :: ::
:: [2, 4, 7] [2, 7] [1, 2, 4] :: :: :: [1, 4] ::
:: [7, 8] [1, 7, 8] [1, 4, 8] [1, 4, 5, 7] [1, 3, 4, 7] [1, 4, 5] :: ::
:: [6, 8] :: [1, 6, 8, 9] :: [1, 6, 9] :: [1, 8] ::
:: :: [1, 6, 7, 8] [1, 4, 6, 8] [1, 4, 5, 7] [1, 4, 6, 7] [1, 2, 4, 5] [1, 4, 5, 8] [1, 2, 4]
:: [2, 6] [2, 6] :: :: [1, 4, 9] [1, 4, 5] [1, 4, 5] [1, 4, 9]
:: :: :: [1, 2, 4, 6] [1, 4] :: :: [1, 4, 6] [1, 2, 4]
:: :: :: [2, 6, 9] :: [2, 6, 9] :: [6, 7] [2, 9]
[1, 5, 0, 3, 6, 0, 9, 2, 7]
[6, 0, 9, 5, 0, 0, 0, 3, 8]
[3, 0, 0, 0, 9, 8, 6, 0, 5]
[2, 0, 0, 0, 0, 0, 0, 9, 6]
[5, 0, 4, 0, 2, 0, 7, 0, 3]
[9, 3, 0, 0, 0, 0, 0, 0, 0]
[8, 0, 0, 7, 3, 0, 0, 0, 0]
[7, 9, 3, 0, 0, 5, 8, 0, 0]
[4, 1, 5, 0, 8, 0, 3, 0, 0]
len=2 (3, 1)
[7, 8]
len=3 (3, 2)
[1, 7, 8]
len=3 (3, 3)
[1, 4, 8]
len>3 (3, 4)
[1, 4, 5, 7]
[7, 8] 7 (3, 1)
slim_triangle::checking row [7]
row uniq val
uniq_val = 3 (3, 5)
...............clean_rub
:: :: [8] :: :: [4] :: :: ::
:: [4, 7] :: :: [1, 4, 7] [1, 2, 4, 7] [1, 4] :: ::
:: [2, 4, 7] [2, 7] [1, 2, 4] :: :: :: [1, 4] ::
:: [7, 8] [1, 7, 8] [1, 4, 8] [1, 4, 5, 7] :: [1, 4, 5] :: ::
:: [6, 8] :: [1, 6, 8, 9] :: [1, 6, 9] :: [1, 8] ::
:: :: [1, 6, 7, 8] [1, 4, 6, 8] [1, 4, 5, 7] [1, 4, 6, 7] [1, 2, 4, 5] [1, 4, 5, 8] [1, 2, 4]
:: [2, 6] [2, 6] :: :: [1, 4, 9] [1, 4, 5] [1, 4, 5] [1, 4, 9]
:: :: :: [1, 2, 4, 6] [1, 4] :: :: [1, 4, 6] [1, 2, 4]
:: :: :: [2, 6, 9] :: [2, 6, 9] :: [6, 7] [2, 9]
[1, 5, 0, 3, 6, 0, 9, 2, 7]
[6, 0, 9, 5, 0, 0, 0, 3, 8]
[3, 0, 0, 0, 9, 8, 6, 0, 5]
[2, 0, 0, 0, 0, 3, 0, 9, 6]
[5, 0, 4, 0, 2, 0, 7, 0, 3]
[9, 3, 0, 0, 0, 0, 0, 0, 0]
[8, 0, 0, 7, 3, 0, 0, 0, 0]
[7, 9, 3, 0, 0, 5, 8, 0, 0]
[4, 1, 5, 0, 8, 0, 3, 0, 0]
len=2 (4, 1)
[6, 8]
len>3 (4, 3)
[1, 6, 8, 9]
[6, 8] 6 (4, 1)
[6, 8] 8 (4, 1)
slim_triangle::checking row [6, 8]
slim_triangle::checking col
[1, 8] 1 (4, 7)
[1, 8] 8 (4, 7)
slim_triangle::checking row [1, 8]
slim_triangle::checking col
len=3 (4, 5)
[1, 6, 9]
len=2 (4, 7)
[1, 8]
len>3 (5, 2)
[1, 6, 7, 8]
len>3 (5, 3)
[1, 4, 6, 8]
len>3 (5, 4)
[1, 4, 5, 7]
len>3 (5, 5)
[1, 4, 6, 7]
col uniq val
uniq_val = 2 (5, 6)
...............clean_rub
:: :: [8] :: :: [4] :: :: ::
:: [4, 7] :: :: [1, 4, 7] [1, 2, 4, 7] [1, 4] :: ::
:: [2, 4, 7] [2, 7] [1, 2, 4] :: :: :: [1, 4] ::
:: [7, 8] [1, 7, 8] [1, 4, 8] [1, 4, 5, 7] :: [1, 4, 5] :: ::
:: [6, 8] :: [1, 6, 8, 9] :: [1, 6, 9] :: [1, 8] ::
:: :: [1, 6, 7, 8] [1, 4, 6, 8] [1, 4, 5, 7] [1, 4, 6, 7] :: [1, 4, 5, 8] [1, 4]
:: [2, 6] [2, 6] :: :: [1, 4, 9] [1, 4, 5] [1, 4, 5] [1, 4, 9]
:: :: :: [1, 2, 4, 6] [1, 4] :: :: [1, 4, 6] [1, 2, 4]
:: :: :: [2, 6, 9] :: [2, 6, 9] :: [6, 7] [2, 9]
[1, 5, 0, 3, 6, 0, 9, 2, 7]
[6, 0, 9, 5, 0, 0, 0, 3, 8]
[3, 0, 0, 0, 9, 8, 6, 0, 5]
[2, 0, 0, 0, 0, 3, 0, 9, 6]
[5, 0, 4, 0, 2, 0, 7, 0, 3]
[9, 3, 0, 0, 0, 0, 2, 0, 0]
[8, 0, 0, 7, 3, 0, 0, 0, 0]
[7, 9, 3, 0, 0, 5, 8, 0, 0]
[4, 1, 5, 0, 8, 0, 3, 0, 0]
len=2 (6, 1)
[2, 6]
:: :: [8] :: :: [4] :: :: ::
:: [4, 7] :: :: [1, 4, 7] [1, 2, 4, 7] [1, 4] :: ::
:: [2, 4, 7] [2, 7] [1, 2, 4] :: :: :: [1, 4] ::
:: [7, 8] [1, 7, 8] [1, 4, 8] [1, 4, 5, 7] :: [1, 4, 5] :: ::
:: [6, 8] :: [1, 6, 8, 9] :: [1, 6, 9] :: [1, 8] ::
:: :: [1, 6, 7, 8] [1, 4, 6, 8] [1, 4, 5, 7] [1, 4, 6, 7] :: [1, 4, 5, 8] [1, 4]
:: [2, 6] [2, 6] :: :: [1, 4, 9] [1, 4, 5] [1, 4, 5] [1, 4, 9]
:: :: :: [1, 2, 4, 6] [1, 4] :: :: [1, 4, 6] [1, 2, 4]
:: :: :: [2, 6, 9] :: [2, 6, 9] :: [6, 7] [2, 9]
[1, 5, 0, 3, 6, 0, 9, 2, 7]
[6, 0, 9, 5, 0, 0, 0, 3, 8]
[3, 0, 0, 0, 9, 8, 6, 0, 5]
[2, 0, 0, 0, 0, 3, 0, 9, 6]
[5, 0, 4, 0, 2, 0, 7, 0, 3]
[9, 3, 0, 0, 0, 0, 2, 0, 0]
[8, 0, 0, 7, 3, 0, 0, 0, 0]
[7, 9, 3, 0, 0, 5, 8, 0, 0]
[4, 1, 5, 0, 8, 0, 3, 0, 0]
len=2 (6, 2)
[2, 6]
:: :: [8] :: :: [4] :: :: ::
:: [4, 7] :: :: [1, 4, 7] [1, 2, 4, 7] [1, 4] :: ::
:: [2, 4, 7] [2, 7] [1, 2, 4] :: :: :: [1, 4] ::
:: [7, 8] [1, 7, 8] [1, 4, 8] [1, 4, 5, 7] :: [1, 4, 5] :: ::
:: [6, 8] :: [1, 6, 8, 9] :: [1, 6, 9] :: [1, 8] ::
:: :: [1, 6, 7, 8] [1, 4, 6, 8] [1, 4, 5, 7] [1, 4, 6, 7] :: [1, 4, 5, 8] [1, 4]
:: [2, 6] [2, 6] :: :: [1, 4, 9] [1, 4, 5] [1, 4, 5] [1, 4, 9]
:: :: :: [1, 2, 4, 6] [1, 4] :: :: [1, 4, 6] [1, 2, 4]
:: :: :: [2, 6, 9] :: [2, 6, 9] :: [6, 7] [2, 9]
[1, 5, 0, 3, 6, 0, 9, 2, 7]
[6, 0, 9, 5, 0, 0, 0, 3, 8]
[3, 0, 0, 0, 9, 8, 6, 0, 5]
[2, 0, 0, 0, 0, 3, 0, 9, 6]
[5, 0, 4, 0, 2, 0, 7, 0, 3]
[9, 3, 0, 0, 0, 0, 2, 0, 0]
[8, 0, 0, 7, 3, 0, 0, 0, 0]
[7, 9, 3, 0, 0, 5, 8, 0, 0]
[4, 1, 5, 0, 8, 0, 3, 0, 0]
len=3 (6, 5)
[1, 4, 9]
len=3 (6, 6)
[1, 4, 5]
len=3 (6, 7)
[1, 4, 5]
len=3 (6, 8)
[1, 4, 9]
len>3 (7, 3)
[1, 2, 4, 6]
[1, 4] 1 (7, 4)
[1, 4] 4 (7, 4)
slim_triangle::checking row [1, 4]
slim_triangle::checking col
len=2 (7, 4)
[1, 4]
len=3 (7, 7)
[1, 4, 6]
len=3 (7, 8)
[1, 2, 4]
...............clean_rub
:: :: [8] :: :: [4] :: :: ::
:: [4, 7] :: :: [1, 4, 7] [1, 2, 4, 7] [1, 4] :: ::
:: [2, 4, 7] [2, 7] [1, 2, 4] :: :: :: [1, 4] ::
:: [7, 8] [1, 7, 8] [1, 4, 8] [1, 4, 5, 7] :: [1, 4, 5] :: ::
:: [6, 8] :: [1, 6, 8, 9] :: [1, 6, 9] :: [1, 8] ::
:: :: [1, 6, 7, 8] [1, 4, 6, 8] [1, 4, 5, 7] [1, 4, 6, 7] :: [1, 4, 5, 8] [1, 4]
:: [2, 6] [2, 6] :: :: [1, 4, 9] [1, 4, 5] [1, 4, 5] [1, 4, 9]
:: :: :: [1, 4, 6] [1, 4] :: :: [1, 4, 6] ::
:: :: :: [2, 6, 9] :: [2, 6, 9] :: [6, 7] [9]
[1, 5, 0, 3, 6, 0, 9, 2, 7]
[6, 0, 9, 5, 0, 0, 0, 3, 8]
[3, 0, 0, 0, 9, 8, 6, 0, 5]
[2, 0, 0, 0, 0, 3, 0, 9, 6]
[5, 0, 4, 0, 2, 0, 7, 0, 3]
[9, 3, 0, 0, 0, 0, 2, 0, 0]
[8, 0, 0, 7, 3, 0, 0, 0, 0]
[7, 9, 3, 0, 0, 5, 8, 0, 2]
[4, 1, 5, 0, 8, 0, 3, 0, 0]
len=3 (8, 3)
[2, 6, 9]
len=3 (8, 5)
[2, 6, 9]
row uniq val
uniq_val = 7 (8, 7)
...............clean_rub
:: :: [8] :: :: [4] :: :: ::
:: [4, 7] :: :: [1, 4, 7] [1, 2, 4, 7] [1, 4] :: ::
:: [2, 4, 7] [2, 7] [1, 2, 4] :: :: :: [1, 4] ::
:: [7, 8] [1, 7, 8] [1, 4, 8] [1, 4, 5, 7] :: [1, 4, 5] :: ::
:: [6, 8] :: [1, 6, 8, 9] :: [1, 6, 9] :: [1, 8] ::
:: :: [1, 6, 7, 8] [1, 4, 6, 8] [1, 4, 5, 7] [1, 4, 6, 7] :: [1, 4, 5, 8] [1, 4]
:: [2, 6] [2, 6] :: :: [1, 4, 9] [1, 4, 5] [1, 4, 5] [1, 4, 9]
:: :: :: [1, 4, 6] [1, 4] :: :: [1, 4, 6] ::
:: :: :: [2, 6, 9] :: [2, 6, 9] :: :: [9]
[1, 5, 0, 3, 6, 0, 9, 2, 7]
[6, 0, 9, 5, 0, 0, 0, 3, 8]
[3, 0, 0, 0, 9, 8, 6, 0, 5]
[2, 0, 0, 0, 0, 3, 0, 9, 6]
[5, 0, 4, 0, 2, 0, 7, 0, 3]
[9, 3, 0, 0, 0, 0, 2, 0, 0]
[8, 0, 0, 7, 3, 0, 0, 0, 0]
[7, 9, 3, 0, 0, 5, 8, 0, 2]
[4, 1, 5, 0, 8, 0, 3, 7, 0]
row uniq val
uniq_val = 8 (0, 2)
...............clean_rub
:: :: :: :: :: [4] :: :: ::
:: [4, 7] :: :: [1, 4, 7] [1, 2, 4, 7] [1, 4] :: ::
:: [2, 4, 7] [2, 7] [1, 2, 4] :: :: :: [1, 4] ::
:: [7, 8] [1, 7] [1, 4, 8] [1, 4, 5, 7] :: [1, 4, 5] :: ::
:: [6, 8] :: [1, 6, 8, 9] :: [1, 6, 9] :: [1, 8] ::
:: :: [1, 6, 7] [1, 4, 6, 8] [1, 4, 5, 7] [1, 4, 6, 7] :: [1, 4, 5, 8] [1, 4]
:: [2, 6] [2, 6] :: :: [1, 4, 9] [1, 4, 5] [1, 4, 5] [1, 4, 9]
:: :: :: [1, 4, 6] [1, 4] :: :: [1, 4, 6] ::
:: :: :: [2, 6, 9] :: [2, 6, 9] :: :: [9]
[1, 5, 8, 3, 6, 0, 9, 2, 7]
[6, 0, 9, 5, 0, 0, 0, 3, 8]
[3, 0, 0, 0, 9, 8, 6, 0, 5]
[2, 0, 0, 0, 0, 3, 0, 9, 6]
[5, 0, 4, 0, 2, 0, 7, 0, 3]
[9, 3, 0, 0, 0, 0, 2, 0, 0]
[8, 0, 0, 7, 3, 0, 0, 0, 0]
[7, 9, 3, 0, 0, 5, 8, 0, 2]
[4, 1, 5, 0, 8, 0, 3, 7, 0]
len=2 (1, 1)
[4, 7]
len=3 (1, 4)
[1, 4, 7]
row uniq val
uniq_val = 2 (1, 5)
...............clean_rub
:: :: :: :: :: [4] :: :: ::
:: [4, 7] :: :: [1, 4, 7] :: [1, 4] :: ::
:: [2, 4, 7] [2, 7] [1, 4] :: :: :: [1, 4] ::
:: [7, 8] [1, 7] [1, 4, 8] [1, 4, 5, 7] :: [1, 4, 5] :: ::
:: [6, 8] :: [1, 6, 8, 9] :: [1, 6, 9] :: [1, 8] ::
:: :: [1, 6, 7] [1, 4, 6, 8] [1, 4, 5, 7] [1, 4, 6, 7] :: [1, 4, 5, 8] [1, 4]
:: [2, 6] [2, 6] :: :: [1, 4, 9] [1, 4, 5] [1, 4, 5] [1, 4, 9]
:: :: :: [1, 4, 6] [1, 4] :: :: [1, 4, 6] ::
:: :: :: [2, 6, 9] :: [6, 9] :: :: [9]
[1, 5, 8, 3, 6, 0, 9, 2, 7]
[6, 0, 9, 5, 0, 2, 0, 3, 8]
[3, 0, 0, 0, 9, 8, 6, 0, 5]
[2, 0, 0, 0, 0, 3, 0, 9, 6]
[5, 0, 4, 0, 2, 0, 7, 0, 3]
[9, 3, 0, 0, 0, 0, 2, 0, 0]
[8, 0, 0, 7, 3, 0, 0, 0, 0]
[7, 9, 3, 0, 0, 5, 8, 0, 2]
[4, 1, 5, 0, 8, 0, 3, 7, 0]
len=3 (2, 1)
[2, 4, 7]
len=2 (2, 2)
[2, 7]
len=2 (2, 3)
[1, 4]
:: :: :: :: :: [4] :: :: ::
:: [4, 7] :: :: [1, 4, 7] :: [1, 4] :: ::
:: [2, 7] [2, 7] [1, 4] :: :: :: [1, 4] ::
:: [7, 8] [1, 7] [1, 4, 8] [1, 4, 5, 7] :: [1, 4, 5] :: ::
:: [6, 8] :: [1, 6, 8, 9] :: [1, 6, 9] :: [1, 8] ::
:: :: [1, 6, 7] [1, 4, 6, 8] [1, 4, 5, 7] [1, 4, 6, 7] :: [1, 4, 5, 8] [1, 4]
:: [2, 6] [2, 6] :: :: [1, 4, 9] [1, 4, 5] [1, 4, 5] [1, 4, 9]
:: :: :: [1, 4, 6] [1, 4] :: :: [1, 4, 6] ::
:: :: :: [2, 6, 9] :: [6, 9] :: :: [9]
[1, 5, 8, 3, 6, 0, 9, 2, 7]
[6, 0, 9, 5, 0, 2, 0, 3, 8]
[3, 0, 0, 0, 9, 8, 6, 0, 5]
[2, 0, 0, 0, 0, 3, 0, 9, 6]
[5, 0, 4, 0, 2, 0, 7, 0, 3]
[9, 3, 0, 0, 0, 0, 2, 0, 0]
[8, 0, 0, 7, 3, 0, 0, 0, 0]
[7, 9, 3, 0, 0, 5, 8, 0, 2]
[4, 1, 5, 0, 8, 0, 3, 7, 0]
len=2 (2, 7)
[1, 4]
:: :: :: :: :: [4] :: :: ::
:: [4, 7] :: :: [1, 4, 7] :: [1, 4] :: ::
:: [2, 7] [2, 7] [1, 4] :: :: :: [1, 4] ::
:: [7, 8] [1, 7] [1, 4, 8] [1, 4, 5, 7] :: [1, 4, 5] :: ::
:: [6, 8] :: [1, 6, 8, 9] :: [1, 6, 9] :: [1, 8] ::
:: :: [1, 6, 7] [1, 4, 6, 8] [1, 4, 5, 7] [1, 4, 6, 7] :: [1, 4, 5, 8] [1, 4]
:: [2, 6] [2, 6] :: :: [1, 4, 9] [1, 4, 5] [1, 4, 5] [1, 4, 9]
:: :: :: [1, 4, 6] [1, 4] :: :: [1, 4, 6] ::
:: :: :: [2, 6, 9] :: [6, 9] :: :: [9]
[1, 5, 8, 3, 6, 0, 9, 2, 7]
[6, 0, 9, 5, 0, 2, 0, 3, 8]
[3, 0, 0, 0, 9, 8, 6, 0, 5]
[2, 0, 0, 0, 0, 3, 0, 9, 6]
[5, 0, 4, 0, 2, 0, 7, 0, 3]
[9, 3, 0, 0, 0, 0, 2, 0, 0]
[8, 0, 0, 7, 3, 0, 0, 0, 0]
[7, 9, 3, 0, 0, 5, 8, 0, 2]
[4, 1, 5, 0, 8, 0, 3, 7, 0]
len=2 (3, 1)
[7, 8]
len=2 (3, 2)
[1, 7]
len=3 (3, 3)
[1, 4, 8]
len>3 (3, 4)
[1, 4, 5, 7]
[7, 8] 7 (3, 1)
slim_triangle::checking row [7]
[1, 7] 1 (3, 2)
[1, 7] 7 (3, 2)
slim_triangle::checking row [1, 7]
slim_triangle::checking col
len=3 (3, 6)
[1, 4, 5]
len=2 (4, 1)
[6, 8]
len>3 (4, 3)
[1, 6, 8, 9]
[6, 8] 6 (4, 1)
[6, 8] 8 (4, 1)
slim_triangle::checking row [6, 8]
slim_triangle::checking col
[1, 8] 1 (4, 7)
[1, 8] 8 (4, 7)
slim_triangle::checking row [1, 8]
slim_triangle::checking col
len=3 (4, 5)
[1, 6, 9]
len=2 (4, 7)
[1, 8]
len=3 (5, 2)
[1, 6, 7]
len>3 (5, 3)
[1, 4, 6, 8]
[1, 4] 1 (5, 8)
[1, 4] 4 (5, 8)
slim_triangle::checking row [1, 4]
slim_triangle::checking col
ind_c in slim_triangle [1, 4]
k in ind_c in slim_:::: 1
k in ind_c in slim_:::: 4
is big triangle
[1, 5, 8, 3, 6, 0, 9, 2, 7]
[6, 0, 9, 5, 0, 2, 0, 3, 8]
[3, 0, 0, 0, 9, 8, 6, 0, 5]
[2, 0, 0, 0, 0, 3, 0, 9, 6]
[5, 0, 4, 0, 2, 0, 7, 0, 3]
[9, 3, 0, 0, 0, 0, 2, 0, 0]
[8, 0, 0, 7, 3, 0, 0, 0, 0]
[7, 9, 3, 0, 0, 5, 8, 0, 2]
[4, 1, 5, 0, 8, 0, 3, 7, 0]
len>3 (5, 4)
[1, 4, 5, 7]
slim_triangle::checking row []
[1, 4] 1 (5, 8)
[1, 4] 4 (5, 8)
slim_triangle::checking row [1, 4]
slim_triangle::checking col
ind_c in slim_triangle [1, 4]
k in ind_c in slim_:::: 1
k in ind_c in slim_:::: 4
is big triangle
[1, 5, 8, 3, 6, 0, 9, 2, 7]
[6, 0, 9, 5, 0, 2, 0, 3, 8]
[3, 0, 0, 0, 9, 8, 6, 0, 5]
[2, 0, 0, 0, 0, 3, 0, 9, 6]
[5, 0, 4, 0, 2, 0, 7, 0, 3]
[9, 3, 0, 0, 0, 0, 2, 0, 0]
[8, 0, 0, 7, 3, 0, 0, 0, 0]
[7, 9, 3, 0, 0, 5, 8, 0, 2]
[4, 1, 5, 0, 8, 0, 3, 7, 0]
col uniq val
uniq_val = 7 (5, 5)
...............clean_rub
:: :: :: :: :: [4] :: :: ::
:: [4, 7] :: :: [1, 4, 7] :: [1, 4] :: ::
:: [2, 7] [2, 7] [1, 4] :: :: :: [1, 4] ::
:: [7, 8] [1, 7] [1, 4, 8] [1, 4, 5] :: [1, 4, 5] :: ::
:: [6, 8] :: [1, 6, 8, 9] :: [1, 6, 9] :: [1, 8] ::
:: :: [1, 6] [6, 8] [5] :: :: [1, 4, 5, 8] [1, 4]
:: [2, 6] [2, 6] :: :: [1, 4, 9] [1, 4, 5] [1, 4, 5] [1, 4, 9]
:: :: :: [1, 4, 6] [1, 4] :: :: [1, 4, 6] ::
:: :: :: [2, 6, 9] :: [6, 9] :: :: [9]
[1, 5, 8, 3, 6, 0, 9, 2, 7]
[6, 0, 9, 5, 0, 2, 0, 3, 8]
[3, 0, 0, 0, 9, 8, 6, 0, 5]
[2, 0, 0, 0, 0, 3, 0, 9, 6]
[5, 0, 4, 0, 2, 0, 7, 0, 3]
[9, 3, 0, 0, 0, 7, 2, 0, 0]
[8, 0, 0, 7, 3, 0, 0, 0, 0]
[7, 9, 3, 0, 0, 5, 8, 0, 2]
[4, 1, 5, 0, 8, 0, 3, 7, 0]
len=2 (6, 1)
[2, 6]
:: :: :: :: :: [4] :: :: ::
:: [4, 7] :: :: [1, 4, 7] :: [1, 4] :: ::
:: [2, 7] [2, 7] [1, 4] :: :: :: [1, 4] ::
:: [7, 8] [1, 7] [1, 4, 8] [1, 4, 5] :: [1, 4, 5] :: ::
:: [6, 8] :: [1, 6, 8, 9] :: [1, 6, 9] :: [1, 8] ::
:: :: [1, 6] [6, 8] [5] :: :: [1, 4, 5, 8] [1, 4]
:: [2, 6] [2, 6] :: :: [1, 4, 9] [1, 4, 5] [1, 4, 5] [1, 4, 9]
:: :: :: [1, 4, 6] [1, 4] :: :: [1, 4, 6] ::
:: :: :: [2, 6, 9] :: [6, 9] :: :: [9]
[1, 5, 8, 3, 6, 0, 9, 2, 7]
[6, 0, 9, 5, 0, 2, 0, 3, 8]
[3, 0, 0, 0, 9, 8, 6, 0, 5]
[2, 0, 0, 0, 0, 3, 0, 9, 6]
[5, 0, 4, 0, 2, 0, 7, 0, 3]
[9, 3, 0, 0, 0, 7, 2, 0, 0]
[8, 0, 0, 7, 3, 0, 0, 0, 0]
[7, 9, 3, 0, 0, 5, 8, 0, 2]
[4, 1, 5, 0, 8, 0, 3, 7, 0]
len=2 (6, 2)
[2, 6]
:: :: :: :: :: [4] :: :: ::
:: [4, 7] :: :: [1, 4, 7] :: [1, 4] :: ::
:: [2, 7] [2, 7] [1, 4] :: :: :: [1, 4] ::
:: [7, 8] [1, 7] [1, 4, 8] [1, 4, 5] :: [1, 4, 5] :: ::
:: [6, 8] :: [1, 6, 8, 9] :: [1, 6, 9] :: [1, 8] ::
:: :: [1, 6] [6, 8] [5] :: :: [1, 4, 5, 8] [1, 4]
:: [2, 6] [2, 6] :: :: [1, 4, 9] [1, 4, 5] [1, 4, 5] [1, 4, 9]
:: :: :: [1, 4, 6] [1, 4] :: :: [1, 4, 6] ::
:: :: :: [2, 6, 9] :: [6, 9] :: :: [9]
[1, 5, 8, 3, 6, 0, 9, 2, 7]
[6, 0, 9, 5, 0, 2, 0, 3, 8]
[3, 0, 0, 0, 9, 8, 6, 0, 5]
[2, 0, 0, 0, 0, 3, 0, 9, 6]
[5, 0, 4, 0, 2, 0, 7, 0, 3]
[9, 3, 0, 0, 0, 7, 2, 0, 0]
[8, 0, 0, 7, 3, 0, 0, 0, 0]
[7, 9, 3, 0, 0, 5, 8, 0, 2]
[4, 1, 5, 0, 8, 0, 3, 7, 0]
len=3 (6, 5)
[1, 4, 9]
len=3 (6, 6)
[1, 4, 5]
len=3 (6, 7)
[1, 4, 5]
len=3 (6, 8)
[1, 4, 9]
len=3 (7, 3)
[1, 4, 6]
len=2 (7, 4)
[1, 4]
col uniq val
uniq_val = 6 (7, 7)
...............clean_rub
:: :: :: :: :: [4] :: :: ::
:: [4, 7] :: :: [1, 4, 7] :: [1, 4] :: ::
:: [2, 7] [2, 7] [1, 4] :: :: :: [1, 4] ::
:: [7, 8] [1, 7] [1, 4, 8] [1, 4, 5] :: [1, 4, 5] :: ::
:: [6, 8] :: [1, 6, 8, 9] :: [1, 6, 9] :: [1, 8] ::
:: :: [1, 6] [6, 8] [5] :: :: [1, 4, 5, 8] [1, 4]
:: [2, 6] [2, 6] :: :: [1, 4, 9] [1, 4, 5] [1, 4, 5] [1, 4, 9]
:: :: :: [1, 4] [1, 4] :: :: :: ::
:: :: :: [2, 6, 9] :: [6, 9] :: :: [9]
[1, 5, 8, 3, 6, 0, 9, 2, 7]
[6, 0, 9, 5, 0, 2, 0, 3, 8]
[3, 0, 0, 0, 9, 8, 6, 0, 5]
[2, 0, 0, 0, 0, 3, 0, 9, 6]
[5, 0, 4, 0, 2, 0, 7, 0, 3]
[9, 3, 0, 0, 0, 7, 2, 0, 0]
[8, 0, 0, 7, 3, 0, 0, 0, 0]
[7, 9, 3, 0, 0, 5, 8, 6, 2]
[4, 1, 5, 0, 8, 0, 3, 7, 0]
row uniq val
uniq_val = 2 (8, 3)
...............clean_rub
:: :: :: :: :: [4] :: :: ::
:: [4, 7] :: :: [1, 4, 7] :: [1, 4] :: ::
:: [2, 7] [2, 7] [1, 4] :: :: :: [1, 4] ::
:: [7, 8] [1, 7] [1, 4, 8] [1, 4, 5] :: [1, 4, 5] :: ::
:: [6, 8] :: [1, 6, 8, 9] :: [1, 6, 9] :: [1, 8] ::
:: :: [1, 6] [6, 8] [5] :: :: [1, 4, 5, 8] [1, 4]
:: [2, 6] [2, 6] :: :: [1, 4, 9] [1, 4, 5] [1, 4, 5] [1, 4, 9]
:: :: :: [1, 4] [1, 4] :: :: :: ::
:: :: :: :: :: [6, 9] :: :: [9]
[1, 5, 8, 3, 6, 0, 9, 2, 7]
[6, 0, 9, 5, 0, 2, 0, 3, 8]
[3, 0, 0, 0, 9, 8, 6, 0, 5]
[2, 0, 0, 0, 0, 3, 0, 9, 6]
[5, 0, 4, 0, 2, 0, 7, 0, 3]
[9, 3, 0, 0, 0, 7, 2, 0, 0]
[8, 0, 0, 7, 3, 0, 0, 0, 0]
[7, 9, 3, 0, 0, 5, 8, 6, 2]
[4, 1, 5, 2, 8, 0, 3, 7, 0]
row uniq val
uniq_val = 4 (0, 5)
...............clean_rub
:: :: :: :: :: :: :: :: ::
:: [4, 7] :: :: [1, 7] :: [1, 4] :: ::
:: [2, 7] [2, 7] [1] :: :: :: [1, 4] ::
:: [7, 8] [1, 7] [1, 4, 8] [1, 4, 5] :: [1, 4, 5] :: ::
:: [6, 8] :: [1, 6, 8, 9] :: [1, 6, 9] :: [1, 8] ::
:: :: [1, 6] [6, 8] [5] :: :: [1, 4, 5, 8] [1, 4]
:: [2, 6] [2, 6] :: :: [1, 9] [1, 4, 5] [1, 4, 5] [1, 4, 9]
:: :: :: [1, 4] [1, 4] :: :: :: ::
:: :: :: :: :: [6, 9] :: :: [9]
[1, 5, 8, 3, 6, 4, 9, 2, 7]
[6, 0, 9, 5, 0, 2, 0, 3, 8]
[3, 0, 0, 0, 9, 8, 6, 0, 5]
[2, 0, 0, 0, 0, 3, 0, 9, 6]
[5, 0, 4, 0, 2, 0, 7, 0, 3]
[9, 3, 0, 0, 0, 7, 2, 0, 0]
[8, 0, 0, 7, 3, 0, 0, 0, 0]
[7, 9, 3, 0, 0, 5, 8, 6, 2]
[4, 1, 5, 2, 8, 0, 3, 7, 0]
col uniq val
uniq_val = 4 (1, 1)
...............clean_rub
:: :: :: :: :: :: :: :: ::
:: :: :: :: [1, 7] :: [1] :: ::
:: [2, 7] [2, 7] [1] :: :: :: [1, 4] ::
:: [7, 8] [1, 7] [1, 4, 8] [1, 4, 5] :: [1, 4, 5] :: ::
:: [6, 8] :: [1, 6, 8, 9] :: [1, 6, 9] :: [1, 8] ::
:: :: [1, 6] [6, 8] [5] :: :: [1, 4, 5, 8] [1, 4]
:: [2, 6] [2, 6] :: :: [1, 9] [1, 4, 5] [1, 4, 5] [1, 4, 9]
:: :: :: [1, 4] [1, 4] :: :: :: ::
:: :: :: :: :: [6, 9] :: :: [9]
[1, 5, 8, 3, 6, 4, 9, 2, 7]
[6, 4, 9, 5, 0, 2, 0, 3, 8]
[3, 0, 0, 0, 9, 8, 6, 0, 5]
[2, 0, 0, 0, 0, 3, 0, 9, 6]
[5, 0, 4, 0, 2, 0, 7, 0, 3]
[9, 3, 0, 0, 0, 7, 2, 0, 0]
[8, 0, 0, 7, 3, 0, 0, 0, 0]
[7, 9, 3, 0, 0, 5, 8, 6, 2]
[4, 1, 5, 2, 8, 0, 3, 7, 0]
len=2 (2, 1)
[2, 7]
:: :: :: :: :: :: :: :: ::
:: :: :: :: [1, 7] :: [1] :: ::
:: [2, 7] [2, 7] [1] :: :: :: [1, 4] ::
:: [7, 8] [1, 7] [1, 4, 8] [1, 4, 5] :: [1, 4, 5] :: ::
:: [6, 8] :: [1, 6, 8, 9] :: [1, 6, 9] :: [1, 8] ::
:: :: [1, 6] [6, 8] [5] :: :: [1, 4, 5, 8] [1, 4]
:: [2, 6] [2, 6] :: :: [1, 9] [1, 4, 5] [1, 4, 5] [1, 4, 9]
:: :: :: [1, 4] [1, 4] :: :: :: ::
:: :: :: :: :: [6, 9] :: :: [9]
[1, 5, 8, 3, 6, 4, 9, 2, 7]
[6, 4, 9, 5, 0, 2, 0, 3, 8]
[3, 0, 0, 0, 9, 8, 6, 0, 5]
[2, 0, 0, 0, 0, 3, 0, 9, 6]
[5, 0, 4, 0, 2, 0, 7, 0, 3]
[9, 3, 0, 0, 0, 7, 2, 0, 0]
[8, 0, 0, 7, 3, 0, 0, 0, 0]
[7, 9, 3, 0, 0, 5, 8, 6, 2]
[4, 1, 5, 2, 8, 0, 3, 7, 0]
len=2 (2, 2)
[2, 7]
:: :: :: :: :: :: :: :: ::
:: :: :: :: [1, 7] :: [1] :: ::
:: [2, 7] [2, 7] [1] :: :: :: [1, 4] ::
:: [7, 8] [1, 7] [1, 4, 8] [1, 4, 5] :: [1, 4, 5] :: ::
:: [6, 8] :: [1, 6, 8, 9] :: [1, 6, 9] :: [1, 8] ::
:: :: [1, 6] [6, 8] [5] :: :: [1, 4, 5, 8] [1, 4]
:: [2, 6] [2, 6] :: :: [1, 9] [1, 4, 5] [1, 4, 5] [1, 4, 9]
:: :: :: [1, 4] [1, 4] :: :: :: ::
:: :: :: :: :: [6, 9] :: :: [9]
[1, 5, 8, 3, 6, 4, 9, 2, 7]
[6, 4, 9, 5, 0, 2, 0, 3, 8]
[3, 0, 0, 0, 9, 8, 6, 0, 5]
[2, 0, 0, 0, 0, 3, 0, 9, 6]
[5, 0, 4, 0, 2, 0, 7, 0, 3]
[9, 3, 0, 0, 0, 7, 2, 0, 0]
[8, 0, 0, 7, 3, 0, 0, 0, 0]
[7, 9, 3, 0, 0, 5, 8, 6, 2]
[4, 1, 5, 2, 8, 0, 3, 7, 0]
len=1 (2, 3)
[1]
...............clean_rub
:: :: :: :: :: :: :: :: ::
:: :: :: :: [7] :: [1] :: ::
:: [2, 7] [2, 7] :: :: :: :: [4] ::
:: [7, 8] [1, 7] [4, 8] [1, 4, 5] :: [1, 4, 5] :: ::
:: [6, 8] :: [6, 8, 9] :: [1, 6, 9] :: [1, 8] ::
:: :: [1, 6] [6, 8] [5] :: :: [1, 4, 5, 8] [1, 4]
:: [2, 6] [2, 6] :: :: [1, 9] [1, 4, 5] [1, 4, 5] [1, 4, 9]
:: :: :: [4] [1, 4] :: :: :: ::
:: :: :: :: :: [6, 9] :: :: [9]
[1, 5, 8, 3, 6, 4, 9, 2, 7]
[6, 4, 9, 5, 0, 2, 0, 3, 8]
[3, 0, 0, 1, 9, 8, 6, 0, 5]
[2, 0, 0, 0, 0, 3, 0, 9, 6]
[5, 0, 4, 0, 2, 0, 7, 0, 3]
[9, 3, 0, 0, 0, 7, 2, 0, 0]
[8, 0, 0, 7, 3, 0, 0, 0, 0]
[7, 9, 3, 0, 0, 5, 8, 6, 2]
[4, 1, 5, 2, 8, 0, 3, 7, 0]
len=2 (3, 1)
[7, 8]
len=2 (3, 2)
[1, 7]
len=2 (3, 3)
[4, 8]
len=3 (3, 4)
[1, 4, 5]
len=3 (3, 6)
[1, 4, 5]
len=2 (4, 1)
[6, 8]
col uniq val
uniq_val = 9 (4, 3)
...............clean_rub
:: :: :: :: :: :: :: :: ::
:: :: :: :: [7] :: [1] :: ::
:: [2, 7] [2, 7] :: :: :: :: [4] ::
:: [7, 8] [1, 7] [4, 8] [1, 4, 5] :: [1, 4, 5] :: ::
:: [6, 8] :: :: :: [1, 6] :: [1, 8] ::
:: :: [1, 6] [6, 8] [5] :: :: [1, 4, 5, 8] [1, 4]
:: [2, 6] [2, 6] :: :: [1, 9] [1, 4, 5] [1, 4, 5] [1, 4, 9]
:: :: :: [4] [1, 4] :: :: :: ::
:: :: :: :: :: [6, 9] :: :: [9]
[1, 5, 8, 3, 6, 4, 9, 2, 7]
[6, 4, 9, 5, 0, 2, 0, 3, 8]
[3, 0, 0, 1, 9, 8, 6, 0, 5]
[2, 0, 0, 0, 0, 3, 0, 9, 6]
[5, 0, 4, 9, 2, 0, 7, 0, 3]
[9, 3, 0, 0, 0, 7, 2, 0, 0]
[8, 0, 0, 7, 3, 0, 0, 0, 0]
[7, 9, 3, 0, 0, 5, 8, 6, 2]
[4, 1, 5, 2, 8, 0, 3, 7, 0]
len=2 (5, 2)
[1, 6]
col uniq val
uniq_val = 6 (5, 3)
...............clean_rub
:: :: :: :: :: :: :: :: ::
:: :: :: :: [7] :: [1] :: ::
:: [2, 7] [2, 7] :: :: :: :: [4] ::
:: [7, 8] [1, 7] [4, 8] [1, 4, 5] :: [1, 4, 5] :: ::
:: [6, 8] :: :: :: [1] :: [1, 8] ::
:: :: [1] :: [5] :: :: [1, 4, 5, 8] [1, 4]
:: [2, 6] [2, 6] :: :: [1, 9] [1, 4, 5] [1, 4, 5] [1, 4, 9]
:: :: :: [4] [1, 4] :: :: :: ::
:: :: :: :: :: [6, 9] :: :: [9]
[1, 5, 8, 3, 6, 4, 9, 2, 7]
[6, 4, 9, 5, 0, 2, 0, 3, 8]
[3, 0, 0, 1, 9, 8, 6, 0, 5]
[2, 0, 0, 0, 0, 3, 0, 9, 6]
[5, 0, 4, 9, 2, 0, 7, 0, 3]
[9, 3, 0, 6, 0, 7, 2, 0, 0]
[8, 0, 0, 7, 3, 0, 0, 0, 0]
[7, 9, 3, 0, 0, 5, 8, 6, 2]
[4, 1, 5, 2, 8, 0, 3, 7, 0]
len=2 (6, 1)
[2, 6]
:: :: :: :: :: :: :: :: ::
:: :: :: :: [7] :: [1] :: ::
:: [2, 7] [2, 7] :: :: :: :: [4] ::
:: [7, 8] [1, 7] [4, 8] [1, 4, 5] :: [1, 4, 5] :: ::
:: [6, 8] :: :: :: [1] :: [1, 8] ::
:: :: [1] :: [5] :: :: [1, 4, 5, 8] [1, 4]
:: [2, 6] [2, 6] :: :: [1, 9] [1, 4, 5] [1, 4, 5] [1, 4, 9]
:: :: :: [4] [1, 4] :: :: :: ::
:: :: :: :: :: [6, 9] :: :: [9]
[1, 5, 8, 3, 6, 4, 9, 2, 7]
[6, 4, 9, 5, 0, 2, 0, 3, 8]
[3, 0, 0, 1, 9, 8, 6, 0, 5]
[2, 0, 0, 0, 0, 3, 0, 9, 6]
[5, 0, 4, 9, 2, 0, 7, 0, 3]
[9, 3, 0, 6, 0, 7, 2, 0, 0]
[8, 0, 0, 7, 3, 0, 0, 0, 0]
[7, 9, 3, 0, 0, 5, 8, 6, 2]
[4, 1, 5, 2, 8, 0, 3, 7, 0]
col uniq val
uniq_val = 6 (6, 2)
...............clean_rub
:: :: :: :: :: :: :: :: ::
:: :: :: :: [7] :: [1] :: ::
:: [2, 7] [2, 7] :: :: :: :: [4] ::
:: [7, 8] [1, 7] [4, 8] [1, 4, 5] :: [1, 4, 5] :: ::
:: [6, 8] :: :: :: [1] :: [1, 8] ::
:: :: [1] :: [5] :: :: [1, 4, 5, 8] [1, 4]
:: [2] :: :: :: [1, 9] [1, 4, 5] [1, 4, 5] [1, 4, 9]
:: :: :: [4] [1, 4] :: :: :: ::
:: :: :: :: :: [6, 9] :: :: [9]
[1, 5, 8, 3, 6, 4, 9, 2, 7]
[6, 4, 9, 5, 0, 2, 0, 3, 8]
[3, 0, 0, 1, 9, 8, 6, 0, 5]
[2, 0, 0, 0, 0, 3, 0, 9, 6]
[5, 0, 4, 9, 2, 0, 7, 0, 3]
[9, 3, 0, 6, 0, 7, 2, 0, 0]
[8, 0, 6, 7, 3, 0, 0, 0, 0]
[7, 9, 3, 0, 0, 5, 8, 6, 2]
[4, 1, 5, 2, 8, 0, 3, 7, 0]
len=1 (7, 3)
[4]
...............clean_rub
:: :: :: :: :: :: :: :: ::
:: :: :: :: [7] :: [1] :: ::
:: [2, 7] [2, 7] :: :: :: :: [4] ::
:: [7, 8] [1, 7] [8] [1, 4, 5] :: [1, 4, 5] :: ::
:: [6, 8] :: :: :: [1] :: [1, 8] ::
:: :: [1] :: [5] :: :: [1, 4, 5, 8] [1, 4]
:: [2] :: :: :: [1, 9] [1, 4, 5] [1, 4, 5] [1, 4, 9]
:: :: :: :: [1] :: :: :: ::
:: :: :: :: :: [6, 9] :: :: [9]
[1, 5, 8, 3, 6, 4, 9, 2, 7]
[6, 4, 9, 5, 0, 2, 0, 3, 8]
[3, 0, 0, 1, 9, 8, 6, 0, 5]
[2, 0, 0, 0, 0, 3, 0, 9, 6]
[5, 0, 4, 9, 2, 0, 7, 0, 3]
[9, 3, 0, 6, 0, 7, 2, 0, 0]
[8, 0, 6, 7, 3, 0, 0, 0, 0]
[7, 9, 3, 4, 0, 5, 8, 6, 2]
[4, 1, 5, 2, 8, 0, 3, 7, 0]
row uniq val
uniq_val = 6 (8, 5)
...............clean_rub
:: :: :: :: :: :: :: :: ::
:: :: :: :: [7] :: [1] :: ::
:: [2, 7] [2, 7] :: :: :: :: [4] ::
:: [7, 8] [1, 7] [8] [1, 4, 5] :: [1, 4, 5] :: ::
:: [6, 8] :: :: :: [1] :: [1, 8] ::
:: :: [1] :: [5] :: :: [1, 4, 5, 8] [1, 4]
:: [2] :: :: :: [1, 9] [1, 4, 5] [1, 4, 5] [1, 4, 9]
:: :: :: :: [1] :: :: :: ::
:: :: :: :: :: :: :: :: [9]
[1, 5, 8, 3, 6, 4, 9, 2, 7]
[6, 4, 9, 5, 0, 2, 0, 3, 8]
[3, 0, 0, 1, 9, 8, 6, 0, 5]
[2, 0, 0, 0, 0, 3, 0, 9, 6]
[5, 0, 4, 9, 2, 0, 7, 0, 3]
[9, 3, 0, 6, 0, 7, 2, 0, 0]
[8, 0, 6, 7, 3, 0, 0, 0, 0]
[7, 9, 3, 4, 0, 5, 8, 6, 2]
[4, 1, 5, 2, 8, 6, 3, 7, 0]
row uniq val
uniq_val = 7 (1, 4)
...............clean_rub
:: :: :: :: :: :: :: :: ::
:: :: :: :: :: :: [1] :: ::
:: [2, 7] [2, 7] :: :: :: :: [4] ::
:: [7, 8] [1, 7] [8] [1, 4, 5] :: [1, 4, 5] :: ::
:: [6, 8] :: :: :: [1] :: [1, 8] ::
:: :: [1] :: [5] :: :: [1, 4, 5, 8] [1, 4]
:: [2] :: :: :: [1, 9] [1, 4, 5] [1, 4, 5] [1, 4, 9]
:: :: :: :: [1] :: :: :: ::
:: :: :: :: :: :: :: :: [9]
[1, 5, 8, 3, 6, 4, 9, 2, 7]
[6, 4, 9, 5, 7, 2, 0, 3, 8]
[3, 0, 0, 1, 9, 8, 6, 0, 5]
[2, 0, 0, 0, 0, 3, 0, 9, 6]
[5, 0, 4, 9, 2, 0, 7, 0, 3]
[9, 3, 0, 6, 0, 7, 2, 0, 0]
[8, 0, 6, 7, 3, 0, 0, 0, 0]
[7, 9, 3, 4, 0, 5, 8, 6, 2]
[4, 1, 5, 2, 8, 6, 3, 7, 0]
len=2 (2, 1)
[2, 7]
:: :: :: :: :: :: :: :: ::
:: :: :: :: :: :: [1] :: ::
:: [2, 7] [2, 7] :: :: :: :: [4] ::
:: [7, 8] [1, 7] [8] [1, 4, 5] :: [1, 4, 5] :: ::
:: [6, 8] :: :: :: [1] :: [1, 8] ::
:: :: [1] :: [5] :: :: [1, 4, 5, 8] [1, 4]
:: [2] :: :: :: [1, 9] [1, 4, 5] [1, 4, 5] [1, 4, 9]
:: :: :: :: [1] :: :: :: ::
:: :: :: :: :: :: :: :: [9]
[1, 5, 8, 3, 6, 4, 9, 2, 7]
[6, 4, 9, 5, 7, 2, 0, 3, 8]
[3, 0, 0, 1, 9, 8, 6, 0, 5]
[2, 0, 0, 0, 0, 3, 0, 9, 6]
[5, 0, 4, 9, 2, 0, 7, 0, 3]
[9, 3, 0, 6, 0, 7, 2, 0, 0]
[8, 0, 6, 7, 3, 0, 0, 0, 0]
[7, 9, 3, 4, 0, 5, 8, 6, 2]
[4, 1, 5, 2, 8, 6, 3, 7, 0]
col uniq val
uniq_val = 2 (2, 2)
...............clean_rub
:: :: :: :: :: :: :: :: ::
:: :: :: :: :: :: [1] :: ::
:: [7] :: :: :: :: :: [4] ::
:: [7, 8] [1, 7] [8] [1, 4, 5] :: [1, 4, 5] :: ::
:: [6, 8] :: :: :: [1] :: [1, 8] ::
:: :: [1] :: [5] :: :: [1, 4, 5, 8] [1, 4]
:: [2] :: :: :: [1, 9] [1, 4, 5] [1, 4, 5] [1, 4, 9]
:: :: :: :: [1] :: :: :: ::
:: :: :: :: :: :: :: :: [9]
[1, 5, 8, 3, 6, 4, 9, 2, 7]
[6, 4, 9, 5, 7, 2, 0, 3, 8]
[3, 0, 2, 1, 9, 8, 6, 0, 5]
[2, 0, 0, 0, 0, 3, 0, 9, 6]
[5, 0, 4, 9, 2, 0, 7, 0, 3]
[9, 3, 0, 6, 0, 7, 2, 0, 0]
[8, 0, 6, 7, 3, 0, 0, 0, 0]
[7, 9, 3, 4, 0, 5, 8, 6, 2]
[4, 1, 5, 2, 8, 6, 3, 7, 0]
len=2 (3, 1)
[7, 8]
col uniq val
uniq_val = 7 (3, 2)
...............clean_rub
:: :: :: :: :: :: :: :: ::
:: :: :: :: :: :: [1] :: ::
:: [7] :: :: :: :: :: [4] ::
:: [8] :: [8] [1, 4, 5] :: [1, 4, 5] :: ::
:: [6, 8] :: :: :: [1] :: [1, 8] ::
:: :: [1] :: [5] :: :: [1, 4, 5, 8] [1, 4]
:: [2] :: :: :: [1, 9] [1, 4, 5] [1, 4, 5] [1, 4, 9]
:: :: :: :: [1] :: :: :: ::
:: :: :: :: :: :: :: :: [9]
[1, 5, 8, 3, 6, 4, 9, 2, 7]
[6, 4, 9, 5, 7, 2, 0, 3, 8]
[3, 0, 2, 1, 9, 8, 6, 0, 5]
[2, 0, 7, 0, 0, 3, 0, 9, 6]
[5, 0, 4, 9, 2, 0, 7, 0, 3]
[9, 3, 0, 6, 0, 7, 2, 0, 0]
[8, 0, 6, 7, 3, 0, 0, 0, 0]
[7, 9, 3, 4, 0, 5, 8, 6, 2]
[4, 1, 5, 2, 8, 6, 3, 7, 0]
row uniq val
uniq_val = 6 (4, 1)
...............clean_rub
:: :: :: :: :: :: :: :: ::
:: :: :: :: :: :: [1] :: ::
:: [7] :: :: :: :: :: [4] ::
:: [8] :: [8] [1, 4, 5] :: [1, 4, 5] :: ::
:: :: :: :: :: [1] :: [1, 8] ::
:: :: [1] :: [5] :: :: [1, 4, 5, 8] [1, 4]
:: [2] :: :: :: [1, 9] [1, 4, 5] [1, 4, 5] [1, 4, 9]
:: :: :: :: [1] :: :: :: ::
:: :: :: :: :: :: :: :: [9]
[1, 5, 8, 3, 6, 4, 9, 2, 7]
[6, 4, 9, 5, 7, 2, 0, 3, 8]
[3, 0, 2, 1, 9, 8, 6, 0, 5]
[2, 0, 7, 0, 0, 3, 0, 9, 6]
[5, 6, 4, 9, 2, 0, 7, 0, 3]
[9, 3, 0, 6, 0, 7, 2, 0, 0]
[8, 0, 6, 7, 3, 0, 0, 0, 0]
[7, 9, 3, 4, 0, 5, 8, 6, 2]
[4, 1, 5, 2, 8, 6, 3, 7, 0]
col uniq val
uniq_val = 1 (5, 2)
...............clean_rub
:: :: :: :: :: :: :: :: ::
:: :: :: :: :: :: [1] :: ::
:: [7] :: :: :: :: :: [4] ::
:: [8] :: [8] [1, 4, 5] :: [1, 4, 5] :: ::
:: :: :: :: :: [1] :: [1, 8] ::
:: :: :: :: [5] :: :: [4, 5, 8] [4]
:: [2] :: :: :: [1, 9] [1, 4, 5] [1, 4, 5] [1, 4, 9]
:: :: :: :: [1] :: :: :: ::
:: :: :: :: :: :: :: :: [9]
[1, 5, 8, 3, 6, 4, 9, 2, 7]
[6, 4, 9, 5, 7, 2, 0, 3, 8]
[3, 0, 2, 1, 9, 8, 6, 0, 5]
[2, 0, 7, 0, 0, 3, 0, 9, 6]
[5, 6, 4, 9, 2, 0, 7, 0, 3]
[9, 3, 1, 6, 0, 7, 2, 0, 0]
[8, 0, 6, 7, 3, 0, 0, 0, 0]
[7, 9, 3, 4, 0, 5, 8, 6, 2]
[4, 1, 5, 2, 8, 6, 3, 7, 0]
row uniq val
uniq_val = 2 (6, 1)
...............clean_rub
:: :: :: :: :: :: :: :: ::
:: :: :: :: :: :: [1] :: ::
:: [7] :: :: :: :: :: [4] ::
:: [8] :: [8] [1, 4, 5] :: [1, 4, 5] :: ::
:: :: :: :: :: [1] :: [1, 8] ::
:: :: :: :: [5] :: :: [4, 5, 8] [4]
:: :: :: :: :: [1, 9] [1, 4, 5] [1, 4, 5] [1, 4, 9]
:: :: :: :: [1] :: :: :: ::
:: :: :: :: :: :: :: :: [9]
[1, 5, 8, 3, 6, 4, 9, 2, 7]
[6, 4, 9, 5, 7, 2, 0, 3, 8]
[3, 0, 2, 1, 9, 8, 6, 0, 5]
[2, 0, 7, 0, 0, 3, 0, 9, 6]
[5, 6, 4, 9, 2, 0, 7, 0, 3]
[9, 3, 1, 6, 0, 7, 2, 0, 0]
[8, 2, 6, 7, 3, 0, 0, 0, 0]
[7, 9, 3, 4, 0, 5, 8, 6, 2]
[4, 1, 5, 2, 8, 6, 3, 7, 0]
row uniq val
uniq_val = 1 (7, 4)
...............clean_rub
:: :: :: :: :: :: :: :: ::
:: :: :: :: :: :: [1] :: ::
:: [7] :: :: :: :: :: [4] ::
:: [8] :: [8] [4, 5] :: [1, 4, 5] :: ::
:: :: :: :: :: [1] :: [1, 8] ::
:: :: :: :: [5] :: :: [4, 5, 8] [4]
:: :: :: :: :: [9] [1, 4, 5] [1, 4, 5] [1, 4, 9]
:: :: :: :: :: :: :: :: ::
:: :: :: :: :: :: :: :: [9]
[1, 5, 8, 3, 6, 4, 9, 2, 7]
[6, 4, 9, 5, 7, 2, 0, 3, 8]
[3, 0, 2, 1, 9, 8, 6, 0, 5]
[2, 0, 7, 0, 0, 3, 0, 9, 6]
[5, 6, 4, 9, 2, 0, 7, 0, 3]
[9, 3, 1, 6, 0, 7, 2, 0, 0]
[8, 2, 6, 7, 3, 0, 0, 0, 0]
[7, 9, 3, 4, 1, 5, 8, 6, 2]
[4, 1, 5, 2, 8, 6, 3, 7, 0]
row uniq val
uniq_val = 9 (8, 8)
...............clean_rub
:: :: :: :: :: :: :: :: ::
:: :: :: :: :: :: [1] :: ::
:: [7] :: :: :: :: :: [4] ::
:: [8] :: [8] [4, 5] :: [1, 4, 5] :: ::
:: :: :: :: :: [1] :: [1, 8] ::
:: :: :: :: [5] :: :: [4, 5, 8] [4]
:: :: :: :: :: [9] [1, 4, 5] [1, 4, 5] [1, 4]
:: :: :: :: :: :: :: :: ::
:: :: :: :: :: :: :: :: ::
[1, 5, 8, 3, 6, 4, 9, 2, 7]
[6, 4, 9, 5, 7, 2, 0, 3, 8]
[3, 0, 2, 1, 9, 8, 6, 0, 5]
[2, 0, 7, 0, 0, 3, 0, 9, 6]
[5, 6, 4, 9, 2, 0, 7, 0, 3]
[9, 3, 1, 6, 0, 7, 2, 0, 0]
[8, 2, 6, 7, 3, 0, 0, 0, 0]
[7, 9, 3, 4, 1, 5, 8, 6, 2]
[4, 1, 5, 2, 8, 6, 3, 7, 9]
row uniq val
uniq_val = 1 (1, 6)
...............clean_rub
:: :: :: :: :: :: :: :: ::
:: :: :: :: :: :: :: :: ::
:: [7] :: :: :: :: :: [4] ::
:: [8] :: [8] [4, 5] :: [4, 5] :: ::
:: :: :: :: :: [1] :: [1, 8] ::
:: :: :: :: [5] :: :: [4, 5, 8] [4]
:: :: :: :: :: [9] [4, 5] [1, 4, 5] [1, 4]
:: :: :: :: :: :: :: :: ::
:: :: :: :: :: :: :: :: ::
[1, 5, 8, 3, 6, 4, 9, 2, 7]
[6, 4, 9, 5, 7, 2, 1, 3, 8]
[3, 0, 2, 1, 9, 8, 6, 0, 5]
[2, 0, 7, 0, 0, 3, 0, 9, 6]
[5, 6, 4, 9, 2, 0, 7, 0, 3]
[9, 3, 1, 6, 0, 7, 2, 0, 0]
[8, 2, 6, 7, 3, 0, 0, 0, 0]
[7, 9, 3, 4, 1, 5, 8, 6, 2]
[4, 1, 5, 2, 8, 6, 3, 7, 9]
row uniq val
uniq_val = 7 (2, 1)
...............clean_rub
:: :: :: :: :: :: :: :: ::
:: :: :: :: :: :: :: :: ::
:: :: :: :: :: :: :: [4] ::
:: [8] :: [8] [4, 5] :: [4, 5] :: ::
:: :: :: :: :: [1] :: [1, 8] ::
:: :: :: :: [5] :: :: [4, 5, 8] [4]
:: :: :: :: :: [9] [4, 5] [1, 4, 5] [1, 4]
:: :: :: :: :: :: :: :: ::
:: :: :: :: :: :: :: :: ::
[1, 5, 8, 3, 6, 4, 9, 2, 7]
[6, 4, 9, 5, 7, 2, 1, 3, 8]
[3, 7, 2, 1, 9, 8, 6, 0, 5]
[2, 0, 7, 0, 0, 3, 0, 9, 6]
[5, 6, 4, 9, 2, 0, 7, 0, 3]
[9, 3, 1, 6, 0, 7, 2, 0, 0]
[8, 2, 6, 7, 3, 0, 0, 0, 0]
[7, 9, 3, 4, 1, 5, 8, 6, 2]
[4, 1, 5, 2, 8, 6, 3, 7, 9]
col uniq val
uniq_val = 8 (3, 1)
...............clean_rub
:: :: :: :: :: :: :: :: ::
:: :: :: :: :: :: :: :: ::
:: :: :: :: :: :: :: [4] ::
:: :: :: [] [4, 5] :: [4, 5] :: ::
:: :: :: :: :: [1] :: [1, 8] ::
:: :: :: :: [5] :: :: [4, 5, 8] [4]
:: :: :: :: :: [9] [4, 5] [1, 4, 5] [1, 4]
:: :: :: :: :: :: :: :: ::
:: :: :: :: :: :: :: :: ::
[1, 5, 8, 3, 6, 4, 9, 2, 7]
[6, 4, 9, 5, 7, 2, 1, 3, 8]
[3, 7, 2, 1, 9, 8, 6, 0, 5]
[2, 8, 7, 0, 0, 3, 0, 9, 6]
[5, 6, 4, 9, 2, 0, 7, 0, 3]
[9, 3, 1, 6, 0, 7, 2, 0, 0]
[8, 2, 6, 7, 3, 0, 0, 0, 0]
[7, 9, 3, 4, 1, 5, 8, 6, 2]
[4, 1, 5, 2, 8, 6, 3, 7, 9]
col uniq val
uniq_val = 1 (4, 5)
...............clean_rub
:: :: :: :: :: :: :: :: ::
:: :: :: :: :: :: :: :: ::
:: :: :: :: :: :: :: [4] ::
:: :: :: [] [4, 5] :: [4, 5] :: ::
:: :: :: :: :: :: :: [8] ::
:: :: :: :: [5] :: :: [4, 5, 8] [4]
:: :: :: :: :: [9] [4, 5] [1, 4, 5] [1, 4]
:: :: :: :: :: :: :: :: ::
:: :: :: :: :: :: :: :: ::
[1, 5, 8, 3, 6, 4, 9, 2, 7]
[6, 4, 9, 5, 7, 2, 1, 3, 8]
[3, 7, 2, 1, 9, 8, 6, 0, 5]
[2, 8, 7, 0, 0, 3, 0, 9, 6]
[5, 6, 4, 9, 2, 1, 7, 0, 3]
[9, 3, 1, 6, 0, 7, 2, 0, 0]
[8, 2, 6, 7, 3, 0, 0, 0, 0]
[7, 9, 3, 4, 1, 5, 8, 6, 2]
[4, 1, 5, 2, 8, 6, 3, 7, 9]
len=1 (5, 4)
[5]
...............clean_rub
:: :: :: :: :: :: :: :: ::
:: :: :: :: :: :: :: :: ::
:: :: :: :: :: :: :: [4] ::
:: :: :: [] [4] :: [4, 5] :: ::
:: :: :: :: :: :: :: [8] ::
:: :: :: :: :: :: :: [4, 8] [4]
:: :: :: :: :: [9] [4, 5] [1, 4, 5] [1, 4]
:: :: :: :: :: :: :: :: ::
:: :: :: :: :: :: :: :: ::
[1, 5, 8, 3, 6, 4, 9, 2, 7]
[6, 4, 9, 5, 7, 2, 1, 3, 8]
[3, 7, 2, 1, 9, 8, 6, 0, 5]
[2, 8, 7, 0, 0, 3, 0, 9, 6]
[5, 6, 4, 9, 2, 1, 7, 0, 3]
[9, 3, 1, 6, 5, 7, 2, 0, 0]
[8, 2, 6, 7, 3, 0, 0, 0, 0]
[7, 9, 3, 4, 1, 5, 8, 6, 2]
[4, 1, 5, 2, 8, 6, 3, 7, 9]
row uniq val
uniq_val = 9 (6, 5)
...............clean_rub
:: :: :: :: :: :: :: :: ::
:: :: :: :: :: :: :: :: ::
:: :: :: :: :: :: :: [4] ::
:: :: :: [] [4] :: [4, 5] :: ::
:: :: :: :: :: :: :: [8] ::
:: :: :: :: :: :: :: [4, 8] [4]
:: :: :: :: :: :: [4, 5] [1, 4, 5] [1, 4]
:: :: :: :: :: :: :: :: ::
:: :: :: :: :: :: :: :: ::
[1, 5, 8, 3, 6, 4, 9, 2, 7]
[6, 4, 9, 5, 7, 2, 1, 3, 8]
[3, 7, 2, 1, 9, 8, 6, 0, 5]
[2, 8, 7, 0, 0, 3, 0, 9, 6]
[5, 6, 4, 9, 2, 1, 7, 0, 3]
[9, 3, 1, 6, 5, 7, 2, 0, 0]
[8, 2, 6, 7, 3, 9, 0, 0, 0]
[7, 9, 3, 4, 1, 5, 8, 6, 2]
[4, 1, 5, 2, 8, 6, 3, 7, 9]
row uniq val
uniq_val = 4 (2, 7)
...............clean_rub
:: :: :: :: :: :: :: :: ::
:: :: :: :: :: :: :: :: ::
:: :: :: :: :: :: :: :: ::
:: :: :: [] [4] :: [4, 5] :: ::
:: :: :: :: :: :: :: [8] ::
:: :: :: :: :: :: :: [8] [4]
:: :: :: :: :: :: [4, 5] [1, 5] [1, 4]
:: :: :: :: :: :: :: :: ::
:: :: :: :: :: :: :: :: ::
[1, 5, 8, 3, 6, 4, 9, 2, 7]
[6, 4, 9, 5, 7, 2, 1, 3, 8]
[3, 7, 2, 1, 9, 8, 6, 4, 5]
[2, 8, 7, 0, 0, 3, 0, 9, 6]
[5, 6, 4, 9, 2, 1, 7, 0, 3]
[9, 3, 1, 6, 5, 7, 2, 0, 0]
[8, 2, 6, 7, 3, 9, 0, 0, 0]
[7, 9, 3, 4, 1, 5, 8, 6, 2]
[4, 1, 5, 2, 8, 6, 3, 7, 9]
col uniq val
uniq_val = 4 (3, 4)
...............clean_rub
:: :: :: :: :: :: :: :: ::
:: :: :: :: :: :: :: :: ::
:: :: :: :: :: :: :: :: ::
:: :: :: :: :: :: [5] :: ::
:: :: :: :: :: :: :: [8] ::
:: :: :: :: :: :: :: [8] [4]
:: :: :: :: :: :: [4, 5] [1, 5] [1, 4]
:: :: :: :: :: :: :: :: ::
:: :: :: :: :: :: :: :: ::
[1, 5, 8, 3, 6, 4, 9, 2, 7]
[6, 4, 9, 5, 7, 2, 1, 3, 8]
[3, 7, 2, 1, 9, 8, 6, 4, 5]
[2, 8, 7, 0, 4, 3, 0, 9, 6]
[5, 6, 4, 9, 2, 1, 7, 0, 3]
[9, 3, 1, 6, 5, 7, 2, 0, 0]
[8, 2, 6, 7, 3, 9, 0, 0, 0]
[7, 9, 3, 4, 1, 5, 8, 6, 2]
[4, 1, 5, 2, 8, 6, 3, 7, 9]
row uniq val
uniq_val = 8 (4, 7)
...............clean_rub
:: :: :: :: :: :: :: :: ::
:: :: :: :: :: :: :: :: ::
:: :: :: :: :: :: :: :: ::
:: :: :: :: :: :: [5] :: ::
:: :: :: :: :: :: :: :: ::
:: :: :: :: :: :: :: [] [4]
:: :: :: :: :: :: [4, 5] [1, 5] [1, 4]
:: :: :: :: :: :: :: :: ::
:: :: :: :: :: :: :: :: ::
[1, 5, 8, 3, 6, 4, 9, 2, 7]
[6, 4, 9, 5, 7, 2, 1, 3, 8]
[3, 7, 2, 1, 9, 8, 6, 4, 5]
[2, 8, 7, 0, 4, 3, 0, 9, 6]
[5, 6, 4, 9, 2, 1, 7, 8, 3]
[9, 3, 1, 6, 5, 7, 2, 0, 0]
[8, 2, 6, 7, 3, 9, 0, 0, 0]
[7, 9, 3, 4, 1, 5, 8, 6, 2]
[4, 1, 5, 2, 8, 6, 3, 7, 9]
row uniq val
uniq_val = 4 (5, 8)
...............clean_rub
:: :: :: :: :: :: :: :: ::
:: :: :: :: :: :: :: :: ::
:: :: :: :: :: :: :: :: ::
:: :: :: :: :: :: [5] :: ::
:: :: :: :: :: :: :: :: ::
:: :: :: :: :: :: :: :: ::
:: :: :: :: :: :: [4, 5] [1, 5] [1]
:: :: :: :: :: :: :: :: ::
:: :: :: :: :: :: :: :: ::
[1, 5, 8, 3, 6, 4, 9, 2, 7]
[6, 4, 9, 5, 7, 2, 1, 3, 8]
[3, 7, 2, 1, 9, 8, 6, 4, 5]
[2, 8, 7, 0, 4, 3, 0, 9, 6]
[5, 6, 4, 9, 2, 1, 7, 8, 3]
[9, 3, 1, 6, 5, 7, 2, 0, 4]
[8, 2, 6, 7, 3, 9, 0, 0, 0]
[7, 9, 3, 4, 1, 5, 8, 6, 2]
[4, 1, 5, 2, 8, 6, 3, 7, 9]
row uniq val
uniq_val = 4 (6, 6)
...............clean_rub
:: :: :: :: :: :: :: :: ::
:: :: :: :: :: :: :: :: ::
:: :: :: :: :: :: :: :: ::
:: :: :: :: :: :: [5] :: ::
:: :: :: :: :: :: :: :: ::
:: :: :: :: :: :: :: :: ::
:: :: :: :: :: :: :: [1, 5] [1]
:: :: :: :: :: :: :: :: ::
:: :: :: :: :: :: :: :: ::
[1, 5, 8, 3, 6, 4, 9, 2, 7]
[6, 4, 9, 5, 7, 2, 1, 3, 8]
[3, 7, 2, 1, 9, 8, 6, 4, 5]
[2, 8, 7, 0, 4, 3, 0, 9, 6]
[5, 6, 4, 9, 2, 1, 7, 8, 3]
[9, 3, 1, 6, 5, 7, 2, 0, 4]
[8, 2, 6, 7, 3, 9, 4, 0, 0]
[7, 9, 3, 4, 1, 5, 8, 6, 2]
[4, 1, 5, 2, 8, 6, 3, 7, 9]
row uniq val
uniq_val = 5 (3, 6)
...............clean_rub
:: :: :: :: :: :: :: :: ::
:: :: :: :: :: :: :: :: ::
:: :: :: :: :: :: :: :: ::
:: :: :: :: :: :: :: :: ::
:: :: :: :: :: :: :: :: ::
:: :: :: :: :: :: :: :: ::
:: :: :: :: :: :: :: [1, 5] [1]
:: :: :: :: :: :: :: :: ::
:: :: :: :: :: :: :: :: ::
[1, 5, 8, 3, 6, 4, 9, 2, 7]
[6, 4, 9, 5, 7, 2, 1, 3, 8]
[3, 7, 2, 1, 9, 8, 6, 4, 5]
[2, 8, 7, 0, 4, 3, 5, 9, 6]
[5, 6, 4, 9, 2, 1, 7, 8, 3]
[9, 3, 1, 6, 5, 7, 2, 0, 4]
[8, 2, 6, 7, 3, 9, 4, 0, 0]
[7, 9, 3, 4, 1, 5, 8, 6, 2]
[4, 1, 5, 2, 8, 6, 3, 7, 9]
row uniq val
uniq_val = 5 (6, 7)
...............clean_rub
:: :: :: :: :: :: :: :: ::
:: :: :: :: :: :: :: :: ::
:: :: :: :: :: :: :: :: ::
:: :: :: :: :: :: :: :: ::
:: :: :: :: :: :: :: :: ::
:: :: :: :: :: :: :: :: ::
:: :: :: :: :: :: :: :: [1]
:: :: :: :: :: :: :: :: ::
:: :: :: :: :: :: :: :: ::
[1, 5, 8, 3, 6, 4, 9, 2, 7]
[6, 4, 9, 5, 7, 2, 1, 3, 8]
[3, 7, 2, 1, 9, 8, 6, 4, 5]
[2, 8, 7, 0, 4, 3, 5, 9, 6]
[5, 6, 4, 9, 2, 1, 7, 8, 3]
[9, 3, 1, 6, 5, 7, 2, 0, 4]
[8, 2, 6, 7, 3, 9, 4, 5, 0]
[7, 9, 3, 4, 1, 5, 8, 6, 2]
[4, 1, 5, 2, 8, 6, 3, 7, 9]
row uniq val
uniq_val = 1 (6, 8)
...............clean_rub
:: :: :: :: :: :: :: :: ::
:: :: :: :: :: :: :: :: ::
:: :: :: :: :: :: :: :: ::
:: :: :: :: :: :: :: :: ::
:: :: :: :: :: :: :: :: ::
:: :: :: :: :: :: :: :: ::
:: :: :: :: :: :: :: :: ::
:: :: :: :: :: :: :: :: ::
:: :: :: :: :: :: :: :: ::
[1, 5, 8, 3, 6, 4, 9, 2, 7]
[6, 4, 9, 5, 7, 2, 1, 3, 8]
[3, 7, 2, 1, 9, 8, 6, 4, 5]
[2, 8, 7, 0, 4, 3, 5, 9, 6]
[5, 6, 4, 9, 2, 1, 7, 8, 3]
[9, 3, 1, 6, 5, 7, 2, 0, 4]
[8, 2, 6, 7, 3, 9, 4, 5, 1]
[7, 9, 3, 4, 1, 5, 8, 6, 2]
[4, 1, 5, 2, 8, 6, 3, 7, 9]
Solution
----------------------------------------
----------------------------------------
